X1	X2	X3	X4	X5	X6	Y1	Y2	Y3	Y4	Y5	Y6	group
0.053847	0.378569	-0.207864	-0.812418	-2.718246	1.257796	0.948382	1.239628	2.537558	3.488386	0.78325	2.060142	1
1.819128	2.498637	2.928725	2.677377	3.152251	1.629136	0.923953	2.114782	1.815775	1.220166	0.81198	1.001333	1
0.729865	-0.430591	-1.148339	-0.64896	-2.495304	-1.128103	-0.089942	-0.943458	0.365055	-0.524447	0.899292	0.3836	1
2.260244	0.083412	0.077928	1.455517	0.660192	3.162825	-1.264399	-0.151775	1.229733	0.546164	1.09074	0.808336	1
-0.021222	-0.267375	1.710684	0.103078	1.402913	1.568743	0.570042	0.235877	0.153545	1.003334	0.460428	0.959317	1
1.84357	0.98072	0.657867	0.972513	1.986179	2.188389	-0.618838	3.462126	2.787153	0.649599	1.502763	2.541713	1
1.859416	-0.668334	0.214686	0.280342	0.739975	-0.093301	0.674169	-0.34982	0.695136	0.701301	-0.838147	-0.191178	1
-0.444555	-0.396207	0.005419	2.91953	0.383188	-0.204723	0.604188	0.703826	0.256193	1.71232	-0.576202	0.258909	1
-0.874694	-0.678163	1.629375	0.826375	1.042471	1.107329	1.806178	0.407445	2.609194	3.192506	0.405987	1.709816	1
1.619367	1.001369	0.491717	-0.235127	-0.869901	0.683666	0.990591	0.654392	2.261824	1.821062	1.726209	3.629289	1
-2.218523	0.006319	0.883011	-0.313464	0.433087	1.131558	-1.076187	-0.270984	-0.132482	-0.880078	-0.509953	1.11912	1
2.165724	3.006921	1.263087	1.360998	1.713037	1.745145	1.38985	1.235182	-0.197719	1.220176	-0.351394	0.568067	1
2.431384	1.396791	0.802221	0.838952	0.393051	1.960921	0.929779	0.716786	1.53838	0.230972	2.382873	1.757136	1
-1.401475	0.393125	-0.544093	-1.223007	-0.836805	0.586305	1.170799	1.718953	-0.077208	-1.26616	0.355159	0.145885	1
1.008261	0.275068	1.274238	1.774168	0.715705	2.047978	-2.326841	0.284921	0.479735	-0.346208	1.09355	0.189388	1
2.561798	1.935712	1.89879	0.645701	1.136082	0.88441	2.747545	0.506327	1.01644	1.709925	2.30016	1.575386	1
1.569371	0.46223	0.645907	0.40478	-1.570229	-1.901274	-0.633797	2.411172	-0.599274	-0.369769	-1.583604	-2.452317	1
1.426888	1.37287	0.243102	-1.41903	1.614232	0.626991	1.500518	1.221775	-0.09538	-0.471289	0.787712	1.068085	1
1.750777	1.842133	0.709492	-1.048326	-0.758844	0.006442	1.138213	2.10817	0.644509	0.120649	1.773382	2.323228	1
-0.114434	-0.828358	-1.291264	-0.734332	0.177957	0.865841	0.050178	1.825973	0.866167	-0.342194	0.435241	1.091359	1
-0.148187	-0.080563	1.196396	0.987762	0.281904	0.566457	0.811695	1.195696	2.024245	2.049662	1.952422	1.317038	1
0.816333	0.517416	1.765409	1.759308	2.688403	1.985787	1.335891	1.294508	2.235812	1.958478	0.696401	2.694779	1
-0.096666	-0.175849	2.990713	0.682654	0.099798	0.247939	1.063033	1.80516	2.065925	2.039391	2.845706	2.490933	1
-0.382281	0.343553	-0.769551	-0.755465	-0.554795	-1.010241	2.018617	0.894956	-0.241045	1.655076	-0.457947	-0.436783	1
0.712954	-0.373181	-0.801088	-0.151409	-0.70162	-0.4599	-2.170122	-1.945848	0.186231	-1.037617	-0.863341	0.230566	1
1.773966	2.407537	1.206923	0.634912	1.732293	0.993347	2.825992	2.876336	3.30864	0.949282	2.010376	1.656949	1
0.931989	1.696024	1.78124	0.740971	-0.328802	1.095105	0.285264	2.260581	-0.399709	3.321308	2.111043	1.288207	1
1.075488	-0.191566	0.282969	2.88685	1.069779	1.98125	0.109123	-1.490707	-0.10087	1.073607	-0.107917	1.266723	1
1.782093	2.227625	2.217819	0.604301	0.54418	0.485489	3.029955	2.359296	3.166476	3.624059	0.986846	3.210565	1
-0.761677	-1.322288	-0.321497	-0.275309	0.180526	1.819179	1.102234	1.195469	0.682955	1.898819	2.580587	0.661689	1
-1.176883	-0.583978	-1.774845	0.005566	0.844855	-0.614805	0.958646	1.369811	-0.758626	1.854523	0.907848	0.8707	1
-1.292415	0.210678	-0.414777	-1.19214	-0.270889	0.454982	-1.941947	-2.862257	0.064346	1.46743	0.571018	0.556217	1
-0.444013	1.182944	-0.909583	0.057637	-0.268712	0.989712	-0.70898	-1.153424	-0.54406	-1.800003	-1.398653	0.942502	1
0.733482	-1.797763	0.469779	0.160965	-0.16826	1.48037	0.196747	0.192575	-0.732672	-0.808277	-0.89084	-1.134131	1
1.117906	0.944386	1.078139	1.679701	0.093995	0.941529	1.512106	1.367423	1.656028	1.504758	0.448054	1.661008	1
-1.657193	-1.844582	-1.639642	0.093325	-0.514316	0.129687	-0.368986	1.513463	0.492915	-0.21872	-0.033239	1.398164	1
-0.456895	-1.645946	-0.733727	0.758572	-0.154931	-0.886928	-0.177966	-1.120175	-0.744704	1.093038	0.13545	-0.111831	1
2.390908	3.249726	2.524731	1.010843	0.234716	-0.09153	1.163779	2.155756	2.989243	4.075947	4.315281	2.613491	1
2.511712	-0.051944	0.043487	-1.771655	-2.369739	-0.216836	-0.32373	0.72239	-1.070518	-0.110262	0.037697	1.340164	1
0.032744	0.201644	-0.779688	-1.104592	-1.171344	0.143247	1.989886	1.598303	0.02828	0.960296	-0.057514	-0.430786	1
2.306636	0.663186	2.404132	0.678613	1.058963	0.834243	2.187975	2.436285	-0.296278	1.087815	1.05765	1.673192	1
0.364003	-1.480894	1.940776	0.228477	1.313285	2.142876	-0.343286	0.12331	1.015042	0.621118	2.692991	1.679602	1
-1.233211	-1.976466	-0.884693	1.547211	0.872536	0.466232	-0.370183	-0.077318	-0.31491	2.531423	1.662664	1.005702	1
1.802572	-0.456511	0.024047	2.494564	0.253653	0.537465	0.334323	1.19186	0.879016	1.234775	0.021291	0.032881	1
-0.571887	0.249132	-0.218528	-0.278966	0.167144	0.022982	1.752925	1.381268	0.411334	0.604431	1.250283	-0.087017	1
-0.529169	1.373884	0.047973	0.574666	1.04754	1.400671	1.903607	1.371757	2.867987	1.442701	0.281259	1.30332	1
-1.229057	0.298024	-0.546592	-1.065227	-1.431713	-1.379842	0.43484	1.025527	0.824199	0.979394	0.98168	-0.465273	1
1.914707	1.142126	1.885749	1.29403	1.69449	1.114188	0.831764	0.362026	-0.633445	0.453078	0.189297	-0.590903	1
0.526776	-0.449486	-0.171239	1.863043	0.513616	1.533565	2.182824	1.149349	1.470802	1.740741	1.082881	2.514367	1
1.008849	1.185644	0.29436	0.686669	-0.095396	0.721784	0.793062	-1.100492	0.154124	1.214462	-2.745729	1.013949	1
0.55201	0.535272	1.420369	1.944697	2.238142	2.646438	-0.464975	-0.675625	-0.094051	1.764689	0.065738	2.235314	1
-0.041832	-1.571201	-0.483129	-1.035108	0.339152	-0.104593	2.331606	0.202388	0.238691	0.142012	-0.06368	-0.220964	1
-1.034714	-0.223048	-0.587049	-0.966496	-1.216026	-0.690242	-0.54059	-0.253477	-0.9784	1.335546	0.183168	1.319932	1
0.56923	-0.305659	-0.468017	0.289264	0.153118	0.123567	-1.671823	-1.818329	0.152523	0.437824	0.985472	-0.239746	1
0.77842	0.51359	0.32119	1.704309	-0.321315	-0.040847	1.88828	1.542979	1.253622	1.686025	0.933969	-0.255482	1
0.328598	-0.068411	0.075214	-0.192077	0.072793	-0.168594	0.446003	-0.774908	0.414247	0.133743	1.007342	1.306858	1
0.937366	1.64738	1.46742	0.195203	1.58014	0.656065	1.552596	-0.020854	2.329381	4.710667	1.807869	1.324318	1
0.583003	2.28882	1.509375	0.631415	1.153952	0.729897	1.633203	2.302549	1.783318	2.460324	0.903932	0.626368	1
1.843753	1.005866	2.145844	0.805347	1.487648	2.023744	1.688288	1.234985	1.929282	0.935971	-0.735556	1.090806	1
0.166069	0.164173	-0.330353	-1.608275	-0.474513	0.370146	0.171246	0.633532	-0.35561	0.079231	0.054921	1.417491	1
-0.526644	0.153909	0.758648	-2.260082	-1.253239	0.227272	-1.141309	-0.057807	0.977503	-0.410383	0.897477	1.545337	1
0.525498	1.026364	0.943795	2.670962	0.978558	1.469017	-0.528496	-0.404597	-0.252505	0.428141	-0.302083	0.466841	1
0.737955	-0.267519	0.190625	1.079512	0.40242	2.038085	0.909305	1.138614	1.312518	-1.270772	-0.403547	-0.321346	1
-0.905359	-2.761276	-0.232053	0.046187	0.36424	0.328351	-0.779898	-0.666256	0.209184	0.990692	0.081703	-0.314919	1
-0.894869	0.146881	1.377159	2.589107	0.646881	0.324235	-0.012714	-0.329782	0.185705	0.960351	0.21712	1.211112	1
0.806637	1.710909	0.943343	1.140139	-1.057822	1.655153	2.153104	-0.026466	1.338502	-0.278838	-0.357816	0.944118	1
0.48343	0.182693	0.725644	2.520136	-0.200194	0.597683	-1.086619	-0.089417	-1.209438	-0.633852	-1.044047	-0.235243	1
-0.548197	0.151968	-0.039339	0.134118	-0.457928	0.690405	0.468646	-0.888432	0.807649	0.069831	-0.001542	1.309699	1
1.521073	2.244998	0.809011	0.337412	0.356275	0.452702	1.439469	0.44494	2.153324	1.852211	0.940019	3.717241	1
1.482482	0.471502	1.427066	0.858698	0.834281	2.158667	-0.84899	1.896453	0.996669	3.633405	2.074243	2.348284	1
1.528906	1.425746	1.971122	1.630656	-0.984067	-0.340443	-0.302461	1.126346	0.482011	-1.143693	-0.687299	0.262476	1
1.173205	1.725214	0.402419	2.286961	1.713719	1.869182	2.213149	-0.314917	2.754908	2.993232	0.593786	0.902788	1
-0.411791	-2.174594	-0.231462	1.263666	0.789276	0.266695	0.489762	0.129579	0.765346	-0.210942	-0.786451	-0.127264	1
-0.274288	0.749019	0.525337	1.20512	0.719606	0.503682	0.083141	1.168857	1.166833	2.643997	2.191822	2.303357	1
-0.237017	1.689295	2.296551	0.631137	1.288576	2.432994	-1.054436	-0.542378	-1.040152	0.275644	2.26087	1.173449	1
2.272358	-0.135515	1.033511	0.546507	0.410378	0.818282	0.594205	0.4854	0.022544	1.542866	1.073816	1.794982	1
0.739561	0.725177	2.443435	0.566547	0.293364	0.877384	0.205422	-1.043628	2.007768	0.085818	1.1631	0.904372	1
-0.02218	1.394609	0.770464	0.64503	0.947367	1.950161	0.071319	1.669742	1.379949	0.719182	1.568704	1.194486	1
2.574942	2.150002	1.409271	0.483903	0.358875	1.04148	1.672583	0.864544	-0.874092	0.017177	0.664817	1.031403	1
0.426118	0.30783	0.325341	1.379939	2.280589	0.053136	-0.312077	-0.515804	0.167211	2.365082	1.340949	2.090039	1
-0.445951	-0.213351	-0.159853	-1.013976	-0.243963	0.814054	1.283347	-1.740425	0.277344	1.715202	0.34656	1.011737	1
1.731413	1.382521	1.114315	-1.114907	0.24394	0.541683	1.163435	1.72768	0.584903	0.267164	1.325317	0.546135	1
1.318757	0.76583	0.606032	0.327291	0.844093	-1.095468	0.75082	0.286569	0.048453	-0.880763	-1.858697	-1.707997	1
0.293349	-2.071128	-0.653673	-1.837669	-1.063173	-1.971331	0.381257	-0.414331	0.098895	0.398813	1.375465	2.100926	1
0.955537	-0.069188	1.411174	0.224614	-0.647069	1.220913	1.420218	1.078183	1.07335	-0.313347	0.064128	-0.150128	1
0.450469	2.090689	0.747112	3.360962	1.654404	2.458589	2.520934	1.418439	2.867573	3.171532	3.354148	2.883018	1
1.0849	1.600775	1.359328	0.629843	0.895175	1.218088	0.16538	-0.142175	-1.336556	-0.006347	-0.087041	-0.82236	1
-1.019526	0.174541	1.474884	-0.714237	-0.51658	-0.32919	-2.277147	-0.827581	0.177914	-0.386728	0.881916	1.278482	1
1.870505	0.296467	0.949007	1.802635	-0.631445	-0.914984	1.991879	0.783094	-0.509369	0.08248	-0.543246	-0.161598	1
1.138196	2.358777	2.543072	2.263599	2.906396	3.18344	1.483944	2.028251	1.206898	0.889029	1.875858	2.05051	1
0.910825	0.424385	1.599086	1.823919	2.153624	2.188767	2.90889	3.469354	1.229347	1.709444	-0.2909	-0.492858	1
0.26594	0.458796	0.999875	2.615733	-0.704205	0.573159	-0.248013	-0.400537	1.70377	2.074107	1.187572	1.204075	1
0.969394	0.940955	-0.130641	-0.108677	-0.049819	0.458593	0.484921	-0.02459	-0.242953	0.869367	1.096437	0.99164	1
0.150213	0.465431	-0.241613	0.99439	1.253177	1.267897	-0.271822	-0.576463	-0.499123	0.949023	0.943743	-0.250311	1
-0.592077	-0.208959	-0.927725	-1.435898	-1.184144	-0.999417	-0.102955	0.854918	0.409571	-0.33909	0.314034	1.959424	1
3.48405	1.763633	2.449213	1.443558	2.226984	2.405265	3.10733	2.250908	2.621371	3.357378	2.594831	3.039308	1
-0.017964	1.82488	0.922355	-0.750355	0.03974	0.048342	0.184774	0.286022	1.025352	-0.380974	0.924876	2.129171	1
0.782902	-0.750969	-0.835774	0.967857	0.604811	1.784521	2.541329	1.370323	0.990325	1.625855	0.906102	1.11185	1
2.341464	0.280668	0.471717	1.042265	0.014464	-0.99602	3.677856	3.750188	3.295083	0.889186	0.807491	0.755079	1
1.3844	1.44777	-0.073392	2.262759	1.37702	0.763766	2.236339	2.569112	2.502996	-0.786801	2.419953	2.099054	1
1.013979	1.700345	1.866618	2.134688	-0.725594	0.178643	2.488175	2.849611	2.226703	0.853224	1.831786	2.261781	1
-1.951813	-1.96572	-0.135162	-2.712589	-1.872964	-0.375839	-1.256919	-1.133321	-0.951098	0.687198	0.142971	-0.494505	1
-0.274581	0.629717	1.609155	1.004448	-0.66084	0.012015	-0.536391	-1.398087	-0.075997	-1.542982	-1.928643	-0.297282	1
-1.61342	0.410908	0.154866	3.309317	1.781237	1.387194	-1.599393	0.050068	0.256855	3.075539	1.563869	2.446547	1
0.244256	1.108186	1.790367	0.921298	-0.706745	1.408232	1.829828	2.542647	2.716051	1.725463	-0.821003	1.387868	1
0.801427	0.709137	-0.811595	0.361099	0.516995	0.255242	-0.043516	1.372071	0.337471	0.902209	0.706288	0.718093	1
-0.674688	0.563999	0.689327	-2.411774	0.56803	1.229957	-0.253905	-0.681093	-0.070238	0.318617	-0.028963	1.838015	1
-0.87287	-0.046726	2.071444	-2.061813	0.018618	-0.010265	-0.222743	-0.08374	1.308913	0.519714	1.945551	2.16937	1
2.267227	2.006074	2.167674	0.391419	1.654026	2.369558	0.954811	0.348345	2.251933	1.922315	1.649464	1.202964	1
2.853751	1.651875	0.448024	1.994093	-0.105743	0.646754	0.912293	-1.529016	1.021908	0.254899	1.078034	0.101799	1
0.764884	0.637167	0.209821	-0.357271	0.417728	0.181306	-2.080828	-1.765082	-0.954343	-1.010953	-0.37735	-1.637222	1
0.560001	1.068813	1.438053	1.446903	1.461544	1.0529	1.256673	1.696271	0.817717	1.46143	0.62069	0.313389	1
-0.312334	-0.870745	-2.393198	-1.46801	-1.134192	-0.703524	1.220964	0.963339	0.65412	1.583192	3.211376	2.404427	1
0.118899	0.233161	0.045576	0.348017	1.717704	1.268421	1.051015	-0.688721	-0.02198	0.280162	1.164034	1.666293	1
-0.923381	0.438055	0.140113	-0.801217	-0.241445	-0.245437	-0.469087	-0.330377	1.022469	1.812198	0.877937	1.249969	1
-0.319807	1.64431	1.610328	0.589045	0.868285	0.171465	0.822962	1.495236	0.781194	-0.101805	0.332518	-0.030921	1
0.125204	0.813905	-0.255882	0.757185	0.400727	0.000837	1.633982	1.697113	1.423049	1.260721	0.271026	1.212006	1
0.124904	-0.361061	-1.566801	-0.512444	0.091145	0.610067	-1.005342	-0.833332	0.810401	0.065691	-0.738229	-0.939316	1
0.683485	2.566373	1.743937	1.463481	0.826869	0.422709	-0.251598	1.73409	2.108294	2.686906	2.440576	1.463113	1
-0.145212	-2.25729	0.087139	-1.394467	-0.738733	0.58611	-0.215825	-0.501231	0.206078	-0.936003	-0.76347	0.535675	1
0.254032	-0.451036	0.096332	1.323774	0.546348	2.209166	3.325117	-0.216224	1.502954	1.345298	0.489024	0.645139	1
-0.443669	1.387946	2.003845	1.505278	2.312142	1.458867	-0.487719	-2.018855	0.876427	1.755913	2.010029	1.419278	1
1.652272	0.326315	-0.040918	-1.965715	-0.7119	0.231418	1.539263	3.449583	3.635371	2.448922	3.119372	3.144237	1
1.314705	0.507653	0.511189	0.293906	1.758757	0.228998	0.635136	0.06432	0.535028	0.555153	0.294478	1.632049	1
0.386138	0.502284	-0.208074	2.361962	0.422211	0.773007	1.509343	0.216354	1.548026	0.938613	2.633216	1.453219	1
1.168226	0.093725	0.54634	-0.156638	1.543012	1.124033	1.64693	1.819239	0.181844	0.950406	-0.444295	1.775708	1
1.062834	1.565265	1.725375	0.270317	0.181306	1.386192	1.79553	0.360641	1.27217	1.100422	2.070116	3.002871	1
-0.613859	-0.181203	-0.546846	-3.258975	-1.300722	0.087758	1.825443	2.366423	2.561597	0.161554	-0.090076	0.551731	1
-0.531181	-0.842697	0.444863	1.035575	0.953663	0.146081	-0.329303	-0.212334	-0.108016	1.335709	-0.16155	1.218817	1
-2.221656	-1.168861	0.372234	2.190363	-0.017874	0.473663	-0.140699	0.409909	0.541461	0.670418	0.86535	1.109849	1
1.906922	3.56626	0.663402	1.899526	1.837257	2.997301	1.241439	0.047805	1.50362	1.499136	0.245029	1.627799	1
-0.979157	-1.162567	-0.50231	0.936285	0.192782	1.175083	1.120488	1.209288	1.982856	2.033201	0.844666	1.034342	1
1.510759	-0.48438	0.024253	0.758382	1.038693	1.266318	1.233521	0.685807	1.305981	4.413929	1.865024	1.7246	1
-0.296387	-0.574169	-0.6117	0.642343	-0.952986	-1.240948	0.103101	-1.514745	-1.309944	0.971422	-0.740301	0.043193	1
0.015753	-1.289587	-1.28592	0.812933	1.049532	-0.122353	1.065197	0.438122	0.832677	2.81573	1.754299	1.733371	1
1.038721	-0.275331	0.846151	0.923044	0.617039	0.068935	3.054731	1.767405	2.481084	-1.017515	-1.012296	-1.100261	1
1.123522	1.289472	1.193878	0.955298	1.778894	2.297046	1.714292	1.877603	2.211827	3.505194	1.456051	4.413501	1
-0.888103	0.147208	-1.219676	-0.885039	-1.191594	-0.335379	-1.23637	1.392775	1.160184	1.68421	1.357165	1.789941	1
-2.384341	-1.348072	1.091754	2.296285	0.542943	3.810633	-0.085212	-0.11277	0.663587	0.904158	2.304216	2.812817	1
0.624749	0.315297	0.082869	-0.395362	-2.074736	-1.756567	1.258987	0.748711	0.38847	0.313676	-0.009383	0.836492	1
1.957726	1.082089	1.897718	3.303383	2.474485	1.875186	1.589406	3.184225	0.627902	1.36041	1.681186	1.017243	1
-0.210853	-0.275285	1.497266	2.538291	-1.093424	0.731054	1.224399	0.858323	0.235416	1.62298	1.539765	1.882647	1
-0.667329	-2.361458	-0.732967	-0.219027	-0.936512	-0.752595	-0.162673	-0.593153	0.33662	0.405805	-0.711567	0.421788	1
1.123454	0.706933	0.435234	0.973324	0.813743	1.942119	1.185831	0.306825	2.01071	1.731281	1.657824	1.470579	1
-0.741411	-1.342231	0.759878	-1.413977	0.179248	-1.171342	-1.286132	-1.389173	0.292819	-0.34025	-0.085767	0.256089	1
0.811514	0.40164	0.001397	-0.002853	-0.80825	-0.743733	0.973487	2.018996	0.925034	-1.008239	-0.459213	1.180233	1
-0.729908	0.937962	0.696852	0.984581	-0.29919	0.825098	-0.560687	-1.546993	-0.132854	1.953216	1.550798	0.180895	1
1.716197	2.884734	2.412289	2.68548	1.545039	2.259878	0.646393	1.282211	2.500949	1.581294	1.088326	0.536111	1
0.12553	-0.181204	0.633851	1.44547	1.944214	1.894926	0.515333	1.335126	3.116585	2.030647	2.585833	2.221877	1
1.165775	0.64918	1.355767	0.132532	0.278558	0.416695	1.406159	3.645307	1.647333	3.716421	1.538642	1.040809	1
0.439431	1.043947	0.873564	0.317478	0.80665	0.609054	0.938279	0.625925	0.928945	0.722562	-0.415083	1.192585	2
-1.015398	2.153981	-0.16722	-1.211629	0.192988	0.123708	0.563381	-0.806268	-0.920167	0.95675	2.049138	1.716439	2
0.209743	-0.19188	-1.657986	-0.606588	0.184315	-0.717637	0.923714	0.234284	-0.119001	-1.341028	0.869151	-1.260732	2
1.272149	1.928252	0.62463	1.879212	-0.059102	1.515697	1.52963	1.26976	0.740963	0.703633	0.864256	0.936164	2
2.402971	1.333532	0.007601	1.432561	0.200744	-0.380213	0.011774	-1.109943	0.087767	-2.408483	-0.187997	0.016321	2
2.186287	0.985137	1.218436	2.207268	0.51273	0.15819	1.163894	1.89055	1.41753	3.853628	0.863551	1.661919	2
-0.012044	-4.252675	-0.690993	-2.208271	-1.613572	-0.666958	-0.294124	-0.96186	-1.002135	-0.338266	-0.664557	-0.68254	2
-0.791798	-0.252596	-0.737462	0.945229	-0.122466	0.63564	0.089538	0.508525	1.214925	1.522995	-0.26213	2.338212	2
1.646365	0.936718	2.01037	-0.04699	0.098463	0.972887	2.656532	0.749219	3.265574	0.834954	1.221388	4.616841	2
1.846431	2.649437	3.120123	2.658033	0.786915	0.010278	0.066481	0.523414	2.15142	1.731058	1.712426	0.804774	2
-0.312113	-1.836083	-0.753609	-1.79956	-2.851076	-0.665755	1.019828	2.204792	0.18688	-0.681414	0.237933	-0.58166	2
1.675288	0.490105	0.64114	0.285925	-0.089146	-0.53319	0.356483	-0.552191	0.939787	0.203524	0.704741	-0.49263	2
-0.844189	0.636414	2.301897	1.617481	-0.667485	1.326681	1.495111	1.158501	2.061334	2.21769	1.837965	4.378869	2
1.787593	2.891435	2.395974	3.02358	1.014166	2.843805	2.345505	0.652311	1.75066	2.138672	1.049188	3.070409	2
2.581573	0.478437	0.118918	-0.12183	0.62247	0.126734	-0.538062	-0.322581	1.492844	0.474732	1.814587	0.467384	2
-0.801177	0.184637	-0.722479	-0.505501	-0.732834	-0.161991	0.470406	-0.034341	-0.199577	0.505383	-1.262524	-0.780067	2
2.246234	0.641967	0.24297	0.644497	0.168668	0.984151	3.335457	1.154989	1.498652	0.376244	-0.230262	0.08463	2
0.334089	0.516785	1.382157	1.578135	1.180935	2.650546	1.43372	1.595849	1.81688	1.32972	0.871382	0.17618	2
0.403828	-1.347401	0.085414	-0.559468	-1.488205	0.396285	0.011879	0.870312	0.19314	1.28023	0.022921	2.212072	2
2.215975	2.660118	2.477811	1.244679	0.78929	0.301972	2.2566	1.536926	3.009943	3.995737	0.976733	0.301282	2
-1.331274	-1.329578	0.583681	-0.915359	-0.181875	-1.296866	0.150522	-0.16261	-0.754955	0.254579	-1.150197	-0.787449	2
2.505473	0.812677	0.860207	1.170249	2.61678	1.299823	2.117263	0.643129	-0.306659	0.969602	0.83179	1.54254	2
-0.610937	-1.314401	-0.187064	0.692639	1.619263	1.206592	-0.922024	0.158203	0.498146	-1.898066	1.140387	1.535254	2
-0.077552	-0.365781	-0.090612	1.697042	1.864316	2.219624	-0.016513	1.430932	0.420148	2.416708	0.637915	0.006171	2
-0.514562	-0.931689	-0.822925	-0.418121	0.982669	-0.289668	1.968167	-0.050162	0.791071	3.260758	1.477099	1.456979	2
0.295826	-0.685696	-0.945633	-1.748695	-1.889103	-1.001963	1.616263	1.533119	1.048934	-0.083989	-0.922122	0.280365	2
2.1456	2.29672	3.092921	0.514881	0.637664	-0.070743	3.076101	1.475644	3.30407	1.104068	-0.286294	-1.006824	2
-0.322929	-0.665167	-0.365053	0.088475	1.363767	-0.577674	-0.260961	-0.658589	-0.155495	-0.02923	3.32529	-0.565197	2
-0.713057	-0.167473	-0.830056	-0.290206	0.249321	2.076881	1.885715	0.481529	2.870681	1.846156	2.886727	2.671646	2
1.812725	-0.501806	-0.196437	-0.666441	-0.978659	1.186181	1.489778	1.997909	1.11888	-1.259896	-1.178622	1.716718	2
0.561912	-0.685575	0.596136	-2.400244	-0.909549	-0.202494	0.99022	0.320997	2.159422	-0.647793	-0.25526	-1.288592	2
-0.923368	1.097511	0.306952	1.351321	0.31312	3.185528	1.318679	0.507415	0.411228	0.918529	1.215325	0.093192	2
2.51285	1.250126	0.605536	-0.012104	-0.487119	-0.453101	2.475315	1.981671	1.449043	2.105373	1.951725	0.683708	2
1.816595	2.256516	-0.12696	-0.068592	0.14021	1.367438	1.006364	1.763942	0.551349	0.044349	0.344431	0.417259	2
-0.260004	-3.027268	-0.579572	-0.634477	-0.446562	0.350893	1.888905	1.218847	0.789923	1.13962	1.829553	-0.632356	2
-1.670416	0.33177	-1.419262	0.046679	1.436674	0.403633	-1.508942	0.10753	0.417502	1.600954	0.823664	1.306515	2
0.328971	0.273148	-0.296431	-0.961157	1.787697	1.501311	0.696344	1.530623	1.043392	1.061716	-1.243283	-0.026052	2
-0.675028	-1.050676	0.1377	0.234091	0.372465	-0.4584	-2.291908	0.160745	-0.563354	2.556213	-0.111003	1.721529	2
-1.077924	-0.860627	-0.444395	-0.327164	0.351697	1.428207	-1.462281	-0.889717	0.224868	-1.864558	-1.633473	-0.312592	2
2.103138	-0.504405	-0.513705	1.30592	0.584697	0.314351	1.323556	-0.377218	1.504459	-0.532224	0.228696	-1.465184	2
0.669067	0.775374	0.870974	0.32704	0.818713	-0.701331	1.413839	1.622722	1.869757	2.175267	-0.410738	-0.750514	2
0.514201	-0.174517	0.438646	2.266236	1.115475	0.588113	-1.028176	0.177581	-1.082437	0.243481	0.034141	0.848604	2
-0.138699	-0.030391	0.966564	0.750416	0.331045	1.117252	-0.431835	0.484511	0.124715	0.945345	-0.16594	1.436768	2
0.391281	-1.54992	0.673951	2.418081	-0.108681	-0.375343	2.94537	1.210812	0.258321	1.771223	-0.047009	1.527003	2
-0.369381	-1.825745	-0.23615	-0.7146	1.66869	0.872641	1.664188	2.257156	2.029428	1.461453	1.236307	1.919451	2
0.889175	0.013754	0.497126	-0.396805	0.096168	-0.09482	2.043783	1.018475	0.180984	-0.205394	0.232367	3.300286	2
-1.393746	0.826088	0.5542	0.284362	-1.120643	0.627374	0.135138	1.330365	1.291178	0.638273	-0.131604	0.473243	2
0.935137	0.697918	1.576903	0.892461	0.309354	0.312663	-1.312882	0.234988	-0.658758	-0.743263	0.248963	0.561557	2
1.552876	2.541675	1.618605	1.227528	0.162668	-0.563013	0.948953	1.60558	0.291207	1.940903	-0.086696	2.111954	2
-0.517996	1.850237	-0.906123	-1.076018	-0.859305	-0.660553	-1.170499	-1.463449	-2.590178	-1.120141	-1.848761	-1.185362	2
0.317256	2.379637	1.912613	-0.332182	0.809706	0.158041	0.420802	2.114538	1.286831	1.160607	0.320907	1.393239	2
0.107162	-0.534572	1.0227	0.203317	0.017882	0.616196	0.711244	0.669233	0.7837	1.025835	-1.528575	0.66391	2
-0.725446	-0.949203	2.54	1.983174	-0.243017	0.415668	-0.680255	0.050178	0.761136	0.790324	-0.360781	0.483004	2
0.519137	1.489347	-0.2367	-0.148288	0.937742	1.135098	0.817296	0.820267	0.785903	2.294805	0.469139	4.110116	2
0.57177	-0.902773	-0.475752	1.699806	0.073255	1.118905	-0.10318	0.078991	1.14082	3.346185	-1.559061	1.310172	2
0.151103	-0.397328	-0.177418	-0.695514	0.465107	0.135147	0.231574	0.938564	-0.501116	-0.14559	0.314784	0.794188	2
0.502056	-0.860166	-0.879042	-1.4138	-0.676541	-0.24882	-0.639837	0.719289	1.079304	-0.824637	-0.708572	1.650781	2
0.99097	-0.347215	-0.89875	-1.31889	-0.605436	-1.115926	0.410267	-1.071619	0.048448	-1.652	0.972349	0.519778	2
-1.449279	-1.634705	0.162027	-2.297737	-3.013366	-0.827023	0.646105	0.327117	0.620798	-0.191529	-0.506762	-0.66317	2
0.170628	0.061873	-0.112815	0.181376	-0.928643	0.185694	-0.445476	-1.562424	-0.18656	-1.702001	-2.097931	0.189164	2
-0.375977	-0.969878	1.512476	0.842234	0.668115	0.204142	-1.384159	-0.602079	-0.377255	0.967075	2.491843	-0.917871	2
-0.106161	0.467184	-0.257061	0.917449	0.078443	0.410172	0.388775	1.785718	2.414326	3.126893	0.186604	0.906909	2
0.331282	-0.265343	0.713346	-0.024601	-0.652027	0.545659	1.440862	0.66648	-0.085578	1.735134	-0.425158	2.229987	2
-0.429769	0.673799	1.616599	1.384453	1.183611	1.214037	1.163742	2.052888	1.198995	0.6341	0.419291	0.237671	2
-0.377128	0.450168	1.080384	2.874336	0.979725	2.47188	0.848043	0.165254	-0.031485	-1.360669	1.175025	1.128064	2
-1.784126	-1.149151	0.473258	-0.001987	1.308218	1.346145	0.752841	-0.586739	1.957248	1.287218	2.137896	4.197324	2
1.986738	0.479494	1.429243	0.060485	-0.715696	1.459604	3.068018	-0.064216	2.723101	2.337534	0.894793	2.609887	2
1.594391	1.44376	2.094897	3.895984	1.392202	1.909131	1.989123	1.611154	1.035325	1.100876	0.723306	0.668397	2
-1.401948	1.056196	0.003435	0.051386	-1.76754	-0.748492	-0.121247	-0.153026	-0.680596	0.053931	0.389508	2.660736	2
1.528721	0.891841	2.74975	1.624554	-0.368749	0.74346	2.287479	1.349574	2.22912	0.474273	-0.134605	3.290552	2
0.689742	-0.483047	0.356674	-0.21424	-0.432973	-0.613723	2.504595	1.882041	3.700054	1.0093	0.20367	1.514367	2
1.183935	0.943235	1.118252	0.305019	-0.289474	0.485107	0.64602	-2.234217	-0.297667	-0.637071	-1.081187	0.357979	2
0.548467	1.048837	-0.171986	1.550299	-0.555901	-0.094406	-0.774974	-0.363051	0.921065	-0.721637	-1.919204	1.249059	2
0.740948	-0.540401	-1.035295	0.962364	0.5258	-0.138828	1.572828	1.765935	1.358954	1.724566	2.270676	0.85996	2
-1.44682	0.000237	-0.595303	-0.383694	0.866825	0.486163	-1.185903	0.397482	-0.55942	0.30726	2.954538	3.151503	2
0.520601	0.396008	1.071334	2.409634	1.345506	1.208926	-0.743292	-0.071125	1.779971	0.465066	-1.033672	3.311461	2
0.43084	-0.770468	0.12175	-0.887603	0.342684	0.100723	0.415301	0.168507	2.334937	-0.91902	0.415946	0.187322	2
0.752393	-0.875236	0.358394	1.647358	1.148751	1.727945	0.103991	-1.145482	-1.582912	-1.992198	0.130438	-0.197447	2
0.24334	-0.241687	-0.940703	0.31786	1.038467	-0.110218	0.989041	-0.878887	0.122026	1.188846	1.294131	2.309749	2
1.968392	2.017568	2.869029	3.594585	0.432449	2.020369	0.139659	-0.600929	1.005898	0.824426	2.73979	2.34035	2
3.096561	2.647208	3.136209	-1.664081	0.116806	1.537025	-0.631402	-0.65152	-0.893296	-2.556549	-2.184558	1.326684	2
1.108463	-1.548939	-0.775667	-2.554167	-1.627328	-1.490499	0.571984	0.102304	-1.077309	-0.938844	-0.91869	-0.289135	2
-0.48566	0.621219	0.149906	0.748354	1.763465	0.876768	1.014804	1.023455	1.378798	1.825821	0.474801	1.485511	2
-1.419687	-1.451526	-0.563098	0.473922	0.355937	0.026605	-0.723448	-0.629419	-0.073229	0.398731	1.42395	0.821754	2
1.554516	0.31688	-0.300184	-0.455583	-0.479988	-0.883377	1.581522	-0.086659	0.892782	0.726001	2.996168	2.542122	2
2.028652	2.052516	1.257916	1.086201	0.921351	-0.44537	-0.227884	2.09964	0.877908	3.496676	2.016273	-0.494291	2
1.444125	1.407078	1.436086	1.012026	1.234428	1.184565	0.451815	-1.791687	-1.65062	0.461345	0.009055	0.001856	2
0.201523	-1.499672	-0.440585	-1.022425	-2.592259	-1.354389	1.434504	0.898928	-0.637559	0.122235	-0.966614	-0.643781	2
3.341114	2.871252	2.982235	3.494683	1.2861	2.429491	1.304259	0.671379	2.542405	2.494218	2.887589	0.431228	2
0.910883	-0.985773	0.001609	-1.474938	-0.639293	-1.195492	-1.759148	-1.029773	0.055825	-1.845734	0.081678	-1.081765	2
-0.180742	-0.444596	-0.687686	0.761605	1.660533	1.515205	-0.717638	0.147307	0.467114	0.277976	1.439582	0.468953	2
0.224682	-0.262378	-0.047232	0.666538	1.032526	-0.601806	-0.893524	-0.944672	0.377673	0.663313	-1.814516	0.404701	2
-0.188074	-0.300855	0.05992	0.082458	-1.073962	1.319111	2.424984	1.575552	0.572505	-0.427214	0.336206	0.298397	2
0.433777	0.789864	0.910932	1.283017	-1.646536	-0.909377	1.867693	1.703855	1.707586	2.909827	0.576839	0.902613	2
0.559701	-0.066701	-1.100544	0.036241	0.071703	-0.610112	1.710559	0.18983	-0.937012	0.786908	1.116547	1.595004	2
1.339104	0.275852	1.777006	1.350528	2.044614	2.046853	0.637183	0.572617	0.796372	1.136119	1.20341	0.867712	2
1.602881	1.280378	0.719453	1.616463	2.228968	1.226562	0.266379	0.916635	0.640531	0.50609	1.020483	0.543548	2
0.455463	0.086903	1.2488	1.00592	3.103051	2.360126	0.897145	1.399547	1.749191	0.724824	0.760936	0.26382	2
0.601966	1.909905	0.504817	0.731786	1.075544	1.842508	1.47164	1.459448	1.462061	2.727628	1.503387	0.091123	2
-0.016933	-1.90097	-0.01996	0.308771	0.817167	1.60327	-0.923467	-1.108272	-1.679428	1.003088	-1.183322	-0.837823	2
-1.729453	-2.412158	-1.429502	-0.957728	-0.260247	1.171573	1.39764	-2.142109	0.613831	-0.766772	-1.029619	1.707593	2
-1.019956	0.160307	1.069005	1.888931	-0.086701	2.112939	-0.745098	-1.027404	-1.571727	-0.671283	-1.869574	-0.095155	2
0.990783	1.129004	0.530873	0.909351	0.438699	-0.218939	-0.781163	-0.555757	0.070843	-0.160931	-0.688477	-0.943726	2
0.299546	3.245556	0.450696	0.583651	1.2862	-0.094763	1.801315	1.600566	2.054363	2.253762	1.148484	2.124578	2
2.739373	1.19781	0.137613	-0.155809	1.398654	2.595215	1.551945	2.60785	2.034215	1.494192	1.729915	1.947212	2
2.999769	2.413753	1.435353	0.224427	0.940782	-0.96695	1.885054	1.501018	0.970492	-0.081037	0.497181	-0.248005	2
-2.132021	-1.531962	-0.549005	-0.408665	1.735475	0.790834	-0.142358	-1.309715	0.604648	0.105655	-1.102138	0.416807	2
-0.772927	0.825843	-0.501246	-1.20081	-0.886395	-0.631378	0.413952	-0.54355	-0.112416	-1.332173	-0.272142	-2.086072	2
-0.792897	-0.128378	-0.837567	0.923766	-0.376139	1.169187	1.54241	1.989747	1.518273	1.7925	1.287795	2.359686	2
2.379302	1.525581	2.225606	2.245717	-0.409672	1.301782	2.369892	2.102943	1.242413	2.015694	-1.536157	1.618215	2
2.780814	1.17336	1.398575	1.095071	0.975852	-0.344491	2.004372	2.263703	0.863208	-1.010975	-0.819897	1.13161	2
0.158139	0.017208	0.955741	1.781256	1.451102	2.203578	1.096357	0.0147	0.133281	0.448982	-1.368035	0.907056	2
0.385902	-1.275269	0.552354	-1.07958	-1.066832	0.280422	0.230129	1.187267	1.110657	0.660516	0.089982	0.918635	2
2.671188	0.581644	2.638237	2.414572	0.33482	0.865457	0.642925	-0.581983	1.082027	1.063185	1.135755	1.797382	2
1.20936	2.285488	1.37619	2.447523	1.526458	0.721233	1.488579	0.44105	0.745162	2.964902	1.931299	0.25206	2
-1.674455	-1.705337	-1.49286	-0.448917	1.204071	0.160339	1.552352	3.113763	1.36897	-0.255767	1.192427	2.430614	2
-0.819001	-1.206756	-0.216613	-1.877042	1.264275	-0.805455	0.27213	1.072512	0.471862	-0.709885	-2.051986	0.193023	2
-1.935488	0.192979	0.948387	-0.140559	-1.54732	0.0859	0.233541	-0.610847	0.225086	-0.956497	-2.035428	-0.35827	2
0.365018	-0.236091	1.489965	0.066319	0.445511	-0.418947	-0.731792	-2.538942	-0.384155	0.28372	-1.068216	-1.573517	2
-0.480882	-2.186003	-1.071981	-1.906332	-1.386879	-0.757673	4.044556	1.171838	0.632366	0.976499	0.763271	-0.80071	2
-1.212302	-0.793076	-1.747902	0.300318	0.270701	-0.427219	-0.568921	-0.178247	-1.373318	2.242893	0.897331	-0.06221	2
2.077446	0.526025	1.788645	-0.393774	-0.239844	1.000542	-0.664587	0.612555	1.6042	0.132128	1.439683	1.577404	2
0.714906	-0.086843	-0.172854	1.371742	0.371226	-0.000549	2.085168	2.538638	1.044792	2.845541	1.74998	-0.993457	2
0.355302	1.951375	1.626787	1.819245	1.350676	1.546015	0.624558	2.256067	2.617885	2.36685	2.712702	1.499603	2
1.043224	-0.59248	0.954689	0.522662	1.869635	1.475018	0.884811	0.748443	-0.129973	2.297086	1.105344	0.669558	2
0.772787	0.215637	0.25929	1.118004	1.806884	0.400304	2.098478	3.332528	1.791676	0.380973	1.565289	-1.021998	2
-1.052097	-1.814573	-1.28351	-0.049722	0.637687	-0.69115	-1.377736	-0.801383	-1.466288	-2.567868	-1.496409	0.343526	2
1.659713	-0.133337	-0.542045	2.34773	0.613468	0.094676	3.972158	1.390927	2.639215	3.488292	0.177797	0.846313	2
0.542064	-0.870438	-0.29395	-0.671651	-0.168217	1.418542	2.142169	1.007645	2.377967	0.867776	-1.135595	1.385521	2
0.1865	-0.446084	-1.131662	-0.700999	-0.73587	0.554435	0.424957	0.034239	-0.696045	-2.189555	0.774973	0.98549	2
0.612576	0.222025	1.924436	0.835181	-0.245814	-0.006712	-1.325771	0.00028	1.078399	2.8881	0.554342	-0.62269	2
-0.455627	-0.8683	-1.016965	-0.726382	-0.1674	0.883006	-0.442511	0.634738	0.210643	1.038674	0.008343	-0.039848	2
0.006941	1.159046	0.330847	0.154001	-0.193272	0.990627	0.839286	1.669179	1.579755	2.131445	0.070655	3.754843	2
-0.645661	-0.847837	-0.041252	0.850534	-0.414388	1.585241	2.175454	0.48528	1.483095	2.549023	2.117141	2.990408	2
1.007434	0.329171	-0.599656	1.416404	0.846021	0.061754	3.284582	3.298719	1.523504	3.352679	1.19874	-1.356837	2
-0.340913	-0.953871	0.245221	0.982983	0.767366	-0.202692	-0.620152	-0.72191	0.46206	-0.660552	-0.034146	0.218258	2
1.765707	0.122418	2.048991	2.192542	1.789882	1.259819	0.198818	-0.613443	0.641365	-0.209924	1.760814	-0.227566	2
-0.082051	-0.906898	0.291511	1.318028	0.949812	1.3026	0.69887	0.131949	1.190413	1.850937	-0.758253	2.375395	2
-0.303763	1.493452	1.820608	1.279216	1.274716	1.08308	0.112185	0.485289	1.018295	2.395405	3.234758	2.152645	2
-0.757793	-0.310785	-0.39065	1.007006	0.030789	1.2171	-0.298862	-0.864829	0.102303	2.083364	0.496123	2.331473	2
-0.82582	-0.369629	-1.650324	-2.552384	-1.42376	-1.261222	-2.07353	-0.255367	-0.39556	0.050834	-0.649597	-0.537745	2
1.795462	1.352465	2.202447	0.795131	0.786456	0.734332	2.996867	1.513392	1.513066	1.095437	1.426334	1.643595	2
0.756677	-0.318986	1.025597	0.367088	-0.317753	-0.586129	1.159236	1.34323	2.374521	0.689234	-0.185288	1.243801	2
2.703299	3.290069	0.918421	2.898335	1.049091	1.171158	2.58125	0.280749	0.617474	1.295725	0.204008	-0.202424	2
0.995066	0.866564	1.247784	0.752784	-0.034089	1.511895	0.240458	0.296754	0.694246	-1.026655	-2.058827	1.654239	2
-1.133816	-0.071091	-0.699267	1.341696	0.073719	-1.17701	0.427343	0.574487	1.080791	1.637513	0.094796	0.348128	2
1.505684	0.801154	1.101612	1.530968	0.416666	-1.244225	1.113846	0.405687	0.208788	0.752704	1.111464	-1.020924	2
0.576327	0.987533	1.270401	1.097693	0.348299	2.42534	0.199325	-0.03524	0.918305	1.65237	1.576779	0.678252	2
0.438618	0.397977	1.381761	2.672305	2.293229	0.564551	1.087165	-0.875807	-0.253146	1.205565	1.106573	0.774722	2
1.316938	1.809397	0.916478	1.83724	1.149346	2.7054	1.257589	-0.159033	1.32464	-0.903996	-0.418477	-0.180444	2
